T
24
N_t
3 3 3 3 3 3 3 5 5 5 5 5 5 5 5 5 5 5 5 5 5 4 3 3 
lam0
1 0 0 0 1 2 1 4 1 0 0 2 0 1 3 3 0 1 2 1 1 1 1 1 
lam1
3 3 3 2 2 5 15 11 12 19 14 10 13 22 15 7 8 9 9 11 7 8 7 7 
forecast_lam0
0.13 0.12 0.45 0.46 0.49 0.5 1.03 1.67 3.12 3.62 3.83 2.74 2.05 2.97 3.14 1.94 1.3 1.5 1.39 2.16 2.01 0.99 0.62 0.56 
forecast_lam1
2.27 2.52 2.18 1.35 2.33 2.97 10.83 13.4 15.44 15.57 15.11 13.69 10.9 11.95 13.49 13.22 12.36 9.68 10.39 12.78 11.27 6.49 6.29 5.35 
history_lam0
1.05 0.3 0.85 1.25 0.75 1.3 1.55 3.2 5.1 4.3 3.0 3.0 2.1 2.35 3.25 2.85 1.6 1.45 1.6 2.35 1.65 1.8 1.3 0.85 
history_lam1
2.4 2.4 1.95 1.5 1.5 3.3 9.5 12.55 12.0 12.65 12.15 8.95 8.85 11.0 10.85 12.2 9.3 7.5 7.0 9.05 6.55 5.45 3.9 4.0 
mu0
2.44
mu1
3.65
c0
5
c1
1
p0
10
p1
10
q0_hat
10
q1_hat
18
q0_initial
0
q1_initial
0
q0_max
30
q1_max
60
