T
24
N_t
3 3 3 3 3 3 3 5 5 5 5 5 5 5 5 5 5 5 5 5 5 4 3 3 
lam0
0 2 1 1 1 2 0 3 4 3 3 1 4 3 2 1 2 0 2 3 4 3 1 2 
lam1
1 0 2 7 2 0 12 9 7 13 15 15 10 15 12 9 11 8 5 17 7 3 3 2 
forecast_lam0
0.61 0.76 0.92 1.2 0.65 1.07 1.39 2.27 3.16 3.32 2.64 2.46 2.3 2.21 2.21 2.18 1.85 1.27 1.75 2.15 1.62 1.79 1.59 1.21 
forecast_lam1
3.67 2.65 1.88 2.41 2.51 3.6 11.93 12.19 14.48 15.35 13.71 12.57 9.15 9.88 14.24 12.34 11.31 8.22 6.91 8.99 7.97 5.94 5.17 4.78 
history_lam0
1.05 0.3 0.85 1.25 0.75 1.3 1.55 3.2 5.1 4.3 3.0 3.0 2.1 2.35 3.25 2.85 1.6 1.45 1.6 2.35 1.65 1.8 1.3 0.85 
history_lam1
2.4 2.4 1.95 1.5 1.5 3.3 9.5 12.55 12.0 12.65 12.15 8.95 8.85 11.0 10.85 12.2 9.3 7.5 7.0 9.05 6.55 5.45 3.9 4.0 
mu0
2.44
mu1
3.65
c0
5
c1
1
p0
17
p1
10
q0_hat
10
q1_hat
15
q0_initial
0
q1_initial
0
q0_max
30
q1_max
60
