T
24
N_t
3 3 3 3 3 3 3 5 5 5 5 5 5 5 5 5 5 5 5 5 5 4 3 3 
lam0
0 2 3 0 1 1 0 2 1 5 2 3 0 2 1 2 1 4 0 2 4 0 1 0 
lam1
1 0 0 1 0 1 7 4 17 22 14 16 9 12 12 8 12 10 4 9 11 4 3 5 
forecast_lam0
0.31 0.13 0.61 1.74 1.24 0.52 1.18 1.21 3.06 4.51 3.05 4.16 2.82 2.36 3.68 2.44 1.94 1.49 1.44 1.23 2.02 1.24 0.24 -0.02 
forecast_lam1
2.69 1.98 0.62 0.41 0.75 1.48 7.89 7.26 15.38 19.9 16.31 12.5 14.69 12.62 12.48 10.95 8.86 6.59 6.64 8.45 6.91 5.31 2.47 2.0 
history_lam0
1.05 0.3 0.85 1.25 0.75 1.3 1.55 3.2 5.1 4.3 3.0 3.0 2.1 2.35 3.25 2.85 1.6 1.45 1.6 2.35 1.65 1.8 1.3 0.85 
history_lam1
2.4 2.4 1.95 1.5 1.5 3.3 9.5 12.55 12.0 12.65 12.15 8.95 8.85 11.0 10.85 12.2 9.3 7.5 7.0 9.05 6.55 5.45 3.9 4.0 
mu0
2.44
mu1
3.65
c0
5
c1
1
p0
10
p1
10
q0_hat
20
q1_hat
15
q0_initial
0
q1_initial
0
q0_max
30
q1_max
60
