T
24
lam0
1.0 0.0 0.0 3.0 1.0 0.0 0.0 4.0 3.0 4.0 7.0 3.0 4.0 3.0 3.0 3.0 2.0 2.0 0.0 0.0 3.0 2.0 0.0 0.0
lam1
3.0 4.0 0.0 0.0 1.0 3.0 10.0 3.0 9.0 21.0 12.0 18.0 12.0 19.0 11.0 8.0 16.0 5.0 7.0 8.0 11.0 2.0 1.0 3.0
forecast_lam0
0.06 0.11 0.28 0.81 1.7 0.27 0.81 0.9 2.86 4.81 3.28 4.86 2.6 3.36 4.2 2.67 2.48 1.91 1.61 1.71 1.54 1.44 0.66 0.22
forecast_lam1
3.39 2.35 1.61 1.17 1.1 2.01 9.19 9.69 18.1 20.22 17.72 11.79 14.68 11.72 14.16 13.02 9.08 7.67 7.03 9.59 6.42 6.47 2.95 1.85
history_lam0
1.05 0.3 0.85 1.25 0.75 1.3 1.55 3.2 5.1 4.3 3.0 3.0 2.1 2.35 3.25 2.85 1.6 1.45 1.6 2.35 1.65 1.8 1.3 0.85
history_lam1
2.4 2.4 1.95 1.5 1.5 3.3 9.5 12.55 12.0 12.65 12.15 8.95 8.85 11.0 10.85 12.2 9.3 7.5 7.0 9.05 6.55 5.45 3.9 4.0
mu0
2.44
mu1
3.65
c0
5.0
c1
1.0
p0
10.0
p1
10.0
q0_hat
10
q1_hat
15
q0_initial
0
q1_initial
0
q0_max
30
N_t
3 3 3 3 3 3 3 5 5 5 5 5 5 5 5 5 5 5 5 5 5 4 3 3
q1_max
53
