T
24
N_t
3 3 3 3 3 3 3 5 5 5 5 5 5 5 5 5 5 5 5 5 5 4 3 3 
lam0
4 1 2 0 0 3 2 3 6 4 2 0 5 4 2 5 2 1 0 1 1 4 2 1 
lam1
4 0 1 1 3 3 14 15 12 8 19 9 11 15 8 21 12 11 8 10 9 9 8 7 
forecast_lam0
1.45 1.24 1.73 1.91 1.51 1.65 1.85 2.64 3.73 3.57 3.49 2.96 2.52 2.8 3.69 3.03 2.51 2.29 2.58 2.29 2.09 1.91 1.85 1.93 
forecast_lam1
3.13 3.17 2.38 2.05 1.76 3.79 7.6 11.11 11.21 12.14 11.41 10.66 9.92 11.48 11.4 11.83 10.39 9.17 8.33 9.08 7.69 7.27 7.21 6.68 
history_lam0
0.89 0.28 0.83 1.22 0.83 1.22 1.39 3.28 5.17 4.17 3.11 3.11 2.0 2.17 3.28 2.61 1.61 1.5 1.72 2.44 1.67 1.72 1.17 0.83 
history_lam1
2.33 2.28 2.06 1.56 1.33 3.28 9.0 12.56 11.72 12.61 11.72 9.0 8.61 10.67 10.94 11.78 9.0 7.56 7.06 9.11 6.44 5.22 3.67 3.94 
mu0
2.44
mu1
3.65
c0
5
c1
1
p0
10
p1
10
q0_hat
8
q1_hat
15
q0_initial
0
q1_initial
0
q0_max
30
q1_max
60
