T
24
lam0
0.0 0.0 0.0 4.0 0.0 4.0 0.0 0.0 4.0 2.0 2.0 2.0 2.0 0.0 3.0 1.0 3.0 2.0 1.0 5.0 3.0 2.0 2.0 0.0
lam1
3.0 3.0 2.0 0.0 4.0 7.0 11.0 10.0 14.0 15.0 14.0 11.0 11.0 15.0 15.0 4.0 9.0 10.0 5.0 9.0 8.0 12.0 3.0 5.0
forecast_lam0
0.59 0.59 0.75 1.05 0.91 1.11 1.41 2.34 2.92 2.83 2.63 2.48 2.34 1.94 1.84 1.33 1.77 1.19 1.56 1.87 1.94 1.71 1.47 1.36
forecast_lam1
3.52 3.17 2.37 2.83 2.18 2.97 11.65 11.65 14.27 16.37 15.57 13.94 9.03 10.18 14.7 11.75 11.24 8.85 7.6 9.88 7.64 6.33 5.46 5.1
history_lam0
1.05 0.3 0.85 1.25 0.75 1.3 1.55 3.2 5.1 4.3 3.0 3.0 2.1 2.35 3.25 2.85 1.6 1.45 1.6 2.35 1.65 1.8 1.3 0.85
history_lam1
2.4 2.4 1.95 1.5 1.5 3.3 9.5 12.55 12.0 12.65 12.15 8.95 8.85 11.0 10.85 12.2 9.3 7.5 7.0 9.05 6.55 5.45 3.9 4.0
mu0
2.44
mu1
3.65
c0
5.0
c1
1.0
p0
10.0
p1
10.0
q0_hat
10
q1_hat
15
q0_initial
0
q1_initial
0
q0_max
30
N_t
3 3 3 3 3 3 3 5 5 5 5 5 5 5 5 5 5 5 5 5 5 4 3 3
q1_max
47
