T
24
lam0
2.0 0.0 2.0 4.0 1.0 1.0 1.0 0.0 2.0 1.0 6.0 6.0 3.0 3.0 5.0 3.0 4.0 2.0 3.0 6.0 4.0 3.0 1.0 2.0
lam1
1.0 0.0 1.0 1.0 0.0 2.0 7.0 7.0 8.0 16.0 18.0 15.0 16.0 9.0 15.0 12.0 15.0 12.0 8.0 18.0 13.0 7.0 5.0 2.0
forecast_lam0
1.63 1.52 1.88 2.57 2.0 1.66 1.45 2.69 3.34 3.83 4.16 4.52 3.13 3.9 3.45 3.35 2.57 2.88 3.03 3.12 3.3 3.27 2.51 1.69
forecast_lam1
2.13 0.97 0.69 0.84 0.76 1.22 11.26 9.42 11.48 14.22 11.46 11.93 12.57 12.92 12.21 12.01 9.95 9.4 9.59 13.4 9.88 8.09 5.71 5.41
history_lam0
1.05 0.3 0.85 1.25 0.75 1.3 1.55 3.2 5.1 4.3 3.0 3.0 2.1 2.35 3.25 2.85 1.6 1.45 1.6 2.35 1.65 1.8 1.3 0.85
history_lam1
2.4 2.4 1.95 1.5 1.5 3.3 9.5 12.55 12.0 12.65 12.15 8.95 8.85 11.0 10.85 12.2 9.3 7.5 7.0 9.05 6.55 5.45 3.9 4.0
mu0
2.44
mu1
3.65
c0
5.0
c1
1.0
p0
10.0
p1
10.0
q0_hat
10
q1_hat
15
q0_initial
0
q1_initial
0
q0_max
34
N_t
3 3 3 3 3 3 3 5 5 5 5 5 5 5 5 5 5 5 5 5 5 4 3 3
q1_max
59
