T
24
lam0
1.0 0.0 6.0 0.0 0.0 0.0 1.0 0.0 2.0 3.0 3.0 1.0 5.0 3.0 2.0 3.0 1.0 3.0 2.0 2.0 4.0 1.0 0.0 1.0
lam1
4.0 1.0 2.0 3.0 2.0 5.0 9.0 12.0 14.0 16.0 19.0 17.0 6.0 8.0 11.0 15.0 12.0 3.0 5.0 13.0 8.0 5.0 4.0 2.0
forecast_lam0
0.78 0.98 0.77 1.29 0.97 1.11 1.3 2.98 3.54 4.03 3.38 3.0 3.31 3.02 3.97 3.05 2.61 2.14 1.44 1.45 1.79 2.57 1.28 1.53
forecast_lam1
2.81 1.89 2.69 1.68 1.9 2.29 9.74 8.5 13.45 15.0 14.92 13.27 12.73 13.01 13.94 10.81 11.17 8.7 7.95 9.95 8.35 8.18 6.96 4.43
history_lam0
1.05 0.3 0.85 1.25 0.75 1.3 1.55 3.2 5.1 4.3 3.0 3.0 2.1 2.35 3.25 2.85 1.6 1.45 1.6 2.35 1.65 1.8 1.3 0.85
history_lam1
2.4 2.4 1.95 1.5 1.5 3.3 9.5 12.55 12.0 12.65 12.15 8.95 8.85 11.0 10.85 12.2 9.3 7.5 7.0 9.05 6.55 5.45 3.9 4.0
mu0
2.44
mu1
3.65
c0
5.0
c1
1.0
p0
10.0
p1
10.0
q0_hat
10
q1_hat
15
q0_initial
0
q1_initial
0
q0_max
30
N_t
3 3 3 3 3 3 3 5 5 5 5 5 5 5 5 5 5 5 5 5 5 4 3 3
q1_max
50
