T
24
N_t
3 3 3 3 3 3 3 5 5 5 5 5 5 5 5 5 5 5 5 5 5 4 3 3 
lam0
0 1 1 2 0 2 2 0 6 3 6 3 2 2 4 4 3 1 0 3 1 1 1 2 
lam1
1 5 1 3 0 1 12 18 19 12 18 10 12 13 11 8 15 7 10 4 8 6 6 2 
forecast_lam0
0.55 0.4 0.35 0.87 0.78 0.87 1.32 1.8 2.57 3.93 3.69 4.24 2.4 2.7 3.62 2.32 1.87 2.32 1.63 2.42 2.27 1.55 0.95 0.75 
forecast_lam1
2.17 1.33 1.44 0.79 2.03 2.32 9.31 12.05 17.26 17.76 13.56 10.53 10.39 12.23 11.33 9.82 10.67 9.12 10.15 11.46 10.39 6.44 6.22 4.45 
history_lam0
1.05 0.3 0.85 1.25 0.75 1.3 1.55 3.2 5.1 4.3 3.0 3.0 2.1 2.35 3.25 2.85 1.6 1.45 1.6 2.35 1.65 1.8 1.3 0.85 
history_lam1
2.4 2.4 1.95 1.5 1.5 3.3 9.5 12.55 12.0 12.65 12.15 8.95 8.85 11.0 10.85 12.2 9.3 7.5 7.0 9.05 6.55 5.45 3.9 4.0 
mu0
2.44
mu1
3.65
c0
5
c1
1
p0
10
p1
10
q0_hat
10
q1_hat
15
q0_initial
0
q1_initial
0
q0_max
30
q1_max
60
