T
24
N_t
3 3 3 3 3 3 3 5 5 5 5 5 5 5 5 5 5 5 5 5 5 4 3 3 
lam0
0 0 1 3 1 2 1 2 0 1 5 1 0 1 3 0 0 0 2 0 1 3 0 2 
lam1
7 1 1 5 4 3 17 10 20 23 19 10 9 8 18 16 14 3 3 9 2 4 7 8 
forecast_lam0
0.75 0.74 0.55 0.99 0.66 0.87 1.38 2.29 3.65 2.72 2.08 2.23 2.12 1.55 1.51 1.63 1.52 1.12 1.0 1.49 0.9 0.94 0.83 0.33 
forecast_lam1
2.99 2.88 2.15 2.24 2.3 4.08 11.37 13.24 13.77 16.83 14.82 14.89 9.0 11.13 12.83 12.8 11.99 10.57 8.69 9.98 8.86 5.17 4.54 4.69 
history_lam0
1.05 0.3 0.85 1.25 0.75 1.3 1.55 3.2 5.1 4.3 3.0 3.0 2.1 2.35 3.25 2.85 1.6 1.45 1.6 2.35 1.65 1.8 1.3 0.85 
history_lam1
2.4 2.4 1.95 1.5 1.5 3.3 9.5 12.55 12.0 12.65 12.15 8.95 8.85 11.0 10.85 12.2 9.3 7.5 7.0 9.05 6.55 5.45 3.9 4.0 
mu0
2.44
mu1
3.65
c0
5
c1
1
p0
10
p1
10
q0_hat
10
q1_hat
15
q0_initial
0
q1_initial
0
q0_max
30
q1_max
60
