T
24
lam0
1.0 0.0 0.0 2.0 0.0 0.0 1.0 1.0 2.0 1.0 0.0 0.0 1.0 2.0 6.0 1.0 1.0 0.0 2.0 2.0 2.0 2.0 1.0 0.0
lam1
4.0 0.0 2.0 3.0 0.0 4.0 15.0 8.0 16.0 33.0 20.0 10.0 16.0 14.0 15.0 12.0 11.0 9.0 11.0 11.0 14.0 6.0 7.0 5.0
forecast_lam0
0.6 0.74 0.58 0.99 0.57 0.76 0.6 2.87 3.04 2.86 3.16 1.62 1.51 2.24 1.97 2.27 1.75 1.12 0.78 1.49 1.18 0.93 0.9 0.85
forecast_lam1
4.16 2.85 2.69 1.55 2.16 2.75 11.34 14.38 21.96 20.26 17.78 14.7 11.47 13.93 16.44 12.56 10.63 10.2 9.64 10.54 9.26 9.01 5.95 5.83
history_lam0
1.05 0.3 0.85 1.25 0.75 1.3 1.55 3.2 5.1 4.3 3.0 3.0 2.1 2.35 3.25 2.85 1.6 1.45 1.6 2.35 1.65 1.8 1.3 0.85
history_lam1
2.4 2.4 1.95 1.5 1.5 3.3 9.5 12.55 12.0 12.65 12.15 8.95 8.85 11.0 10.85 12.2 9.3 7.5 7.0 9.05 6.55 5.45 3.9 4.0
mu0
2.44
mu1
3.65
c0
5.0
c1
1.0
p0
10.0
p1
10.0
q0_hat
10
q1_hat
15
q0_initial
0
q1_initial
0
q0_max
30
N_t
3 3 3 3 3 3 3 5 5 5 5 5 5 5 5 5 5 5 5 5 5 4 3 3
q1_max
76
