T
24
lam0
0.0 0.0 0.0 1.0 0.0 1.0 1.0 3.0 2.0 1.0 3.0 2.0 1.0 6.0 4.0 2.0 1.0 1.0 4.0 3.0 9.0 2.0 1.0 0.0
lam1
3.0 0.0 1.0 2.0 0.0 3.0 13.0 16.0 22.0 24.0 22.0 15.0 20.0 12.0 15.0 12.0 8.0 4.0 3.0 6.0 12.0 8.0 2.0 5.0
forecast_lam0
0.98 0.87 0.96 0.85 1.28 0.92 1.3 1.38 3.41 3.86 3.19 2.86 1.9 2.73 2.91 2.54 2.07 1.81 2.22 2.03 2.51 2.42 1.94 1.33
forecast_lam1
3.41 2.34 2.18 1.19 1.29 2.26 9.62 11.66 17.22 19.92 17.36 13.74 12.73 14.33 15.24 12.58 12.56 13.0 9.43 12.46 8.53 7.09 4.64 4.96
history_lam0
1.05 0.3 0.85 1.25 0.75 1.3 1.55 3.2 5.1 4.3 3.0 3.0 2.1 2.35 3.25 2.85 1.6 1.45 1.6 2.35 1.65 1.8 1.3 0.85
history_lam1
2.4 2.4 1.95 1.5 1.5 3.3 9.5 12.55 12.0 12.65 12.15 8.95 8.85 11.0 10.85 12.2 9.3 7.5 7.0 9.05 6.55 5.45 3.9 4.0
mu0
2.44
mu1
3.65
c0
5.0
c1
1.0
p0
10.0
p1
10.0
q0_hat
10
q1_hat
15
q0_initial
0
q1_initial
0
q0_max
31
N_t
3 3 3 3 3 3 3 5 5 5 5 5 5 5 5 5 5 5 5 5 5 4 3 3
q1_max
86
