T
24
lam0
2.0 3.0 0.0 0.0 1.0 0.0 0.0 3.0 3.0 5.0 4.0 5.0 2.0 3.0 5.0 2.0 3.0 2.0 1.0 4.0 0.0 1.0 0.0 0.0
lam1
3.0 0.0 1.0 1.0 2.0 2.0 10.0 9.0 8.0 14.0 10.0 13.0 10.0 14.0 10.0 10.0 6.0 7.0 9.0 7.0 9.0 7.0 9.0 5.0
forecast_lam0
0.38 0.78 1.44 2.07 1.0 0.7 1.25 2.03 3.23 3.83 4.11 3.14 2.92 2.95 2.9 2.62 2.36 2.83 1.81 2.44 3.24 1.57 1.59 0.83
forecast_lam1
1.92 2.66 1.66 1.27 1.43 2.25 8.59 8.74 14.17 15.83 14.45 12.39 10.21 13.83 11.23 13.92 10.08 8.04 6.85 8.25 8.66 5.72 4.99 4.31
history_lam0
1.05 0.3 0.85 1.25 0.75 1.3 1.55 3.2 5.1 4.3 3.0 3.0 2.1 2.35 3.25 2.85 1.6 1.45 1.6 2.35 1.65 1.8 1.3 0.85
history_lam1
2.4 2.4 1.95 1.5 1.5 3.3 9.5 12.55 12.0 12.65 12.15 8.95 8.85 11.0 10.85 12.2 9.3 7.5 7.0 9.05 6.55 5.45 3.9 4.0
mu0
2.44
mu1
3.65
c0
5.0
c1
1.0
p0
10.0
p1
10.0
q0_hat
10
q1_hat
15
q0_initial
0
q1_initial
0
q0_max
30
N_t
3 3 3 3 3 3 3 5 5 5 5 5 5 5 5 5 5 5 5 5 5 4 3 3
q1_max
34
