T
24
lam0
2.0 4.0 3.0 1.0 1.0 5.0 13.0 2.0 5.0 6.0 15.0 4.0 5.0 6.0 9.0 5.0 5.0 5.0 6.0 6.0 10.0 4.0 3.0 2.0
lam1
9.0 2.0 3.0 9.0 11.0 9.0 28.0 35.0 42.0 35.0 33.0 22.0 19.0 19.0 22.0 19.0 19.0 19.0 10.0 15.0 24.0 15.0 12.0 6.0
forecast_lam0
2.97 3.78 3.48 3.83 2.37 1.93 3.52 4.94 5.34 5.43 7.13 7.77 6.16 5.59 7.58 6.5 5.91 4.74 5.16 5.77 5.22 5.85 5.04 4.66
forecast_lam1
6.05 5.48 4.94 5.56 5.06 6.44 13.54 16.03 22.13 25.54 23.66 21.0 19.26 22.46 19.71 16.77 13.85 13.46 15.17 17.55 15.28 12.8 14.86 10.95
history_lam0
1.3 2.5 2.1 3.2 1.6 0.8 2.2 2.4 4.3 3.8 5.8 5.0 3.9 4.0 6.3 4.7 4.3 3.2 4.0 3.7 3.1 2.6 2.3 1.8
history_lam1
4.1 3.2 2.8 3.6 2.8 3.6 10.6 11.0 15.1 18.6 16.7 14.1 13.3 17.4 15.5 12.8 9.5 8.8 9.6 12.8 10.7 7.3 9.0 5.1
mu0
2.55
mu1
3.29
c0
5.0
c1
1.0
p0
10.0
p1
10.0
q0_hat
15
q1_hat
25
q0_initial
0
q1_initial
0
q0_max
48
N_t
5 5 5 5 5 5 5 12 12 12 12 9 9 12 12 12 12 9 9 9 9 9 6 5
q1_max
84
