T
24
lam0
3.0 1.0 3.0 0.0 0.0 0.0 2.0 4.0 3.0 2.0 4.0 3.0 1.0 2.0 1.0 2.0 0.0 2.0 0.0 1.0 5.0 2.0 0.0 1.0
lam1
1.0 1.0 1.0 0.0 2.0 1.0 12.0 6.0 26.0 28.0 22.0 14.0 10.0 23.0 18.0 13.0 12.0 7.0 5.0 9.0 0.0 5.0 9.0 7.0
forecast_lam0
0.78 1.4 1.36 2.27 0.67 0.69 1.33 1.28 3.06 2.5 3.3 3.37 3.01 2.74 2.54 1.8 1.82 1.98 1.81 1.33 1.13 1.54 1.17 0.4
forecast_lam1
1.74 0.04 1.12 1.35 0.57 3.64 12.59 12.29 17.11 20.58 19.63 13.22 12.45 17.32 18.43 13.92 10.71 7.18 10.83 11.39 7.1 5.9 4.85 3.05
history_lam0
1.0 2.3 2.1 3.0 1.1 1.1 1.7 1.8 4.2 3.4 4.6 3.9 3.4 3.6 3.3 2.5 2.1 2.7 2.1 1.9 1.8 1.7 1.0 0.4
history_lam1
4.0 1.7 3.1 3.1 2.4 6.8 18.6 15.5 20.9 24.5 22.6 15.5 15.5 21.1 22.3 17.6 14.2 9.7 13.7 14.5 10.3 9.6 7.5 4.2
mu0
2.55
mu1
3.29
c0
5.0
c1
1.0
p0
10.0
p1
10.0
q0_hat
15
q1_hat
25
q0_initial
0
q1_initial
0
q0_max
30
N_t
3 3 3 3 3 3 3 7 7 7 7 4 4 7 7 7 7 4 4 4 4 4 3 3
q1_max
63
