T
24
lam0
1.0 0.0 0.0 7.0 3.0 2.0 2.0 2.0 4.0 5.0 7.0 4.0 6.0 0.0 7.0 6.0 3.0 5.0 3.0 4.0 3.0 2.0 2.0 0.0
lam1
4.0 1.0 3.0 3.0 2.0 11.0 26.0 19.0 18.0 17.0 23.0 15.0 27.0 19.0 27.0 10.0 18.0 15.0 15.0 14.0 15.0 6.0 9.0 5.0
forecast_lam0
0.74 0.43 0.69 2.09 1.7 0.73 0.77 0.6 2.34 4.64 5.77 4.2 2.04 2.47 3.29 3.88 2.25 2.24 2.49 2.42 2.34 2.7 2.05 1.43
forecast_lam1
3.17 1.37 1.59 1.74 2.81 10.54 31.43 18.33 25.38 28.72 24.91 21.43 14.74 20.62 23.75 21.06 14.21 9.89 13.63 14.26 13.11 9.81 6.97 4.03
history_lam0
1.8 1.6 1.9 4.1 2.8 1.8 2.5 1.5 4.3 7.0 8.3 6.7 4.2 3.7 5.9 5.7 3.4 3.4 3.3 3.4 2.8 3.3 2.4 1.1
history_lam1
6.2 4.1 4.1 4.0 5.4 15.4 40.9 23.1 30.5 35.0 31.8 26.6 19.1 26.3 30.4 25.2 18.8 13.7 18.0 19.8 19.4 14.4 9.8 6.2
mu0
2.55
mu1
3.29
c0
5.0
c1
1.0
p0
10.0
p1
10.0
q0_hat
15
q1_hat
25
q0_initial
0
q1_initial
0
q0_max
31
N_t
4 4 4 4 4 4 4 9 9 9 9 6 6 9 9 9 9 6 6 6 6 6 4 4
q1_max
62
