T
24
lam0
1.0 3.0 10.0 3.0 3.0 0.0 1.0 2.0 5.0 7.0 10.0 13.0 7.0 6.0 5.0 10.0 8.0 6.0 3.0 4.0 6.0 3.0 2.0 0.0
lam1
4.0 4.0 5.0 5.0 2.0 7.0 22.0 23.0 34.0 24.0 36.0 29.0 23.0 23.0 23.0 19.0 17.0 14.0 15.0 15.0 9.0 10.0 14.0 5.0
forecast_lam0
1.36 2.08 1.63 3.68 2.49 2.22 2.93 3.58 5.02 3.69 5.33 5.6 6.95 6.57 7.3 5.11 5.63 5.26 5.75 5.12 4.49 5.01 4.77 3.47
forecast_lam1
5.6 4.39 4.18 4.73 4.2 4.94 10.63 12.91 16.67 22.11 18.49 17.7 16.94 19.33 17.4 15.55 12.09 11.32 11.95 15.14 13.94 9.32 11.19 9.13
history_lam0
1.2 2.3 1.1 3.0 1.3 0.9 2.2 3.2 4.8 3.8 5.8 4.6 4.3 4.0 6.5 4.1 3.9 2.9 3.7 3.4 2.6 2.5 2.2 1.8
history_lam1
4.3 2.9 2.4 3.2 2.7 3.4 9.3 9.5 13.0 18.5 14.6 13.1 12.6 16.1 15.0 12.2 8.9 8.7 9.0 12.2 10.7 6.7 7.9 5.0
mu0
2.55
mu1
3.29
c0
5.0
c1
1.0
p0
10.0
p1
10.0
q0_hat
15
q1_hat
25
q0_initial
0
q1_initial
0
q0_max
48
N_t
4 4 4 4 4 4 4 11 11 11 11 8 8 11 11 11 11 8 8 8 8 8 6 4
q1_max
79
