T
24
lam0
0.0 1.0 0.0 8.0 3.0 1.0 2.0 4.0 3.0 1.0 2.0 2.0 0.0 6.0 1.0 9.0 4.0 2.0 0.0 3.0 3.0 1.0 2.0 2.0
lam1
4.0 2.0 1.0 1.0 1.0 11.0 7.0 7.0 18.0 18.0 23.0 15.0 15.0 23.0 20.0 13.0 10.0 8.0 16.0 7.0 14.0 5.0 8.0 4.0
forecast_lam0
0.66 1.56 1.63 1.54 1.05 0.82 1.06 1.64 3.03 2.66 3.37 2.09 1.64 2.43 2.81 1.86 1.81 2.4 1.98 1.74 2.1 2.47 0.93 1.35
forecast_lam1
1.44 0.34 1.06 1.14 0.64 3.44 11.38 10.44 17.25 19.5 17.71 12.73 11.31 17.04 18.04 14.41 10.7 7.19 9.55 11.06 5.88 6.8 5.74 3.87
history_lam0
0.9 2.3 2.3 2.5 1.0 1.1 1.5 2.0 3.8 3.3 4.6 3.0 2.7 3.4 3.2 2.4 1.7 2.7 1.7 1.6 2.3 1.8 0.7 0.5
history_lam1
3.5 1.6 2.7 3.0 2.1 6.0 15.8 14.1 21.3 23.3 21.8 15.1 14.9 20.9 21.6 17.5 14.0 9.9 12.9 14.4 8.9 9.3 7.8 4.5
mu0
2.55
mu1
3.29
c0
5.0
c1
1.0
p0
10.0
p1
10.0
q0_hat
15
q1_hat
25
q0_initial
0
q1_initial
0
q0_max
30
N_t
3 3 3 3 3 3 3 7 7 7 7 4 4 7 7 7 7 4 4 4 4 4 3 3
q1_max
58
