T
24
lam0
3.0 5.0 3.0 3.0 2.0 2.0 10.0 4.0 9.0 8.0 7.0 9.0 8.0 8.0 4.0 4.0 7.0 6.0 7.0 5.0 7.0 4.0 3.0 3.0
lam1
12.0 4.0 9.0 2.0 3.0 12.0 17.0 14.0 17.0 25.0 29.0 39.0 29.0 25.0 31.0 41.0 27.0 27.0 22.0 16.0 19.0 27.0 19.0 13.0
forecast_lam0
5.18 6.46 5.73 5.4 4.25 3.21 4.16 5.81 7.0 7.78 12.12 8.16 7.57 7.74 8.86 6.86 5.26 4.66 5.61 5.93 5.38 5.31 4.9 4.15
forecast_lam1
9.1 8.11 7.79 8.77 7.58 9.42 18.02 20.29 22.94 25.44 25.43 21.54 20.94 24.72 22.78 21.5 20.6 16.36 17.23 21.68 20.25 16.33 15.57 12.18
history_lam0
1.4 3.1 2.7 2.9 2.2 1.4 3.2 2.5 4.1 4.7 8.8 6.1 4.5 5.0 7.1 6.0 5.3 3.4 4.5 4.7 4.3 3.4 3.0 2.2
history_lam1
5.4 3.7 3.8 4.5 3.6 5.3 13.8 15.2 18.3 20.7 20.0 15.7 14.1 18.6 17.0 14.7 12.4 9.8 10.5 14.8 13.8 9.9 10.1 5.8
mu0
2.55
mu1
3.29
c0
5.0
c1
1.0
p0
10.0
p1
10.0
q0_hat
15
q1_hat
25
q0_initial
0
q1_initial
0
q0_max
36
N_t
5 5 5 5 5 5 5 13 13 13 13 10 10 13 13 13 13 10 10 10 10 10 6 5
q1_max
61
