T
24
lam0
1.0 8.0 2.0 4.0 0.0 1.0 1.0 2.0 10.0 5.0 9.0 7.0 3.0 4.0 5.0 3.0 4.0 1.0 0.0 3.0 2.0 3.0 1.0 0.0
lam1
3.0 1.0 3.0 1.0 1.0 11.0 15.0 22.0 17.0 24.0 18.0 18.0 12.0 25.0 30.0 23.0 17.0 11.0 18.0 14.0 9.0 10.0 8.0 2.0
forecast_lam0
1.09 0.61 1.42 2.48 1.97 0.94 0.95 1.05 2.51 4.14 4.64 4.14 3.51 2.9 4.22 4.44 2.78 2.2 2.14 2.58 1.88 2.63 1.8 0.97
forecast_lam1
3.44 0.83 1.83 1.49 2.66 9.44 27.0 15.29 21.89 24.7 24.06 18.64 14.77 18.92 23.41 19.79 13.23 9.7 13.05 15.49 12.82 8.16 6.59 4.24
history_lam0
1.8 1.5 2.0 4.1 2.5 1.6 1.7 1.5 3.9 5.7 6.7 5.3 4.0 3.4 5.4 5.8 3.2 2.7 3.2 3.0 2.6 3.1 1.8 0.9
history_lam1
6.0 2.7 3.8 3.4 4.7 13.4 36.3 19.6 27.9 31.9 30.4 23.7 18.8 24.7 29.1 24.2 16.5 12.0 16.7 20.0 17.6 12.7 9.8 5.5
mu0
2.55
mu1
3.29
c0
5.0
c1
1.0
p0
10.0
p1
10.0
q0_hat
15
q1_hat
25
q0_initial
0
q1_initial
0
q0_max
34
N_t
3 3 3 3 3 3 3 9 9 9 9 6 6 9 9 9 9 6 6 6 6 6 4 3
q1_max
61
