T
24
lam0
2.0 1.0 5.0 2.0 0.0 1.0 2.0 1.0 2.0 2.0 6.0 2.0 2.0 2.0 3.0 3.0 2.0 5.0 2.0 0.0 2.0 1.0 0.0 0.0
lam1
5.0 1.0 4.0 1.0 3.0 6.0 25.0 13.0 19.0 19.0 27.0 16.0 17.0 27.0 24.0 23.0 9.0 14.0 15.0 21.0 12.0 12.0 13.0 6.0
forecast_lam0
1.01 1.26 1.46 3.39 1.77 1.62 2.16 1.37 3.06 4.72 4.42 4.18 3.05 2.65 4.8 3.85 2.28 1.81 2.15 1.86 2.0 2.63 1.3 0.55
forecast_lam1
2.96 0.95 1.23 1.46 2.36 10.02 28.72 16.74 22.56 25.55 23.95 19.86 15.94 18.65 24.12 19.39 14.51 9.09 13.15 13.82 12.94 8.18 6.84 4.38
history_lam0
1.7 1.5 1.7 4.5 2.6 1.8 2.5 1.6 4.2 6.3 6.5 5.6 4.2 3.2 6.0 5.9 3.2 2.7 3.1 3.2 2.9 3.5 2.0 1.1
history_lam1
6.2 3.3 3.6 3.8 5.1 14.6 39.4 20.7 29.2 33.5 31.2 25.1 20.0 25.1 30.4 24.5 18.2 12.7 17.0 18.6 17.9 12.7 9.5 5.8
mu0
2.55
mu1
3.29
c0
5.0
c1
1.0
p0
10.0
p1
10.0
q0_hat
15
q1_hat
25
q0_initial
0
q1_initial
0
q0_max
30
N_t
4 4 4 4 4 4 4 9 9 9 9 6 6 9 9 9 9 6 6 6 6 6 4 4
q1_max
61
