T
24
lam0
5.0 4.0 9.0 0.0 3.0 5.0 6.0 1.0 3.0 3.0 7.0 5.0 13.0 3.0 6.0 3.0 7.0 5.0 7.0 2.0 7.0 5.0 5.0 1.0
lam1
11.0 3.0 4.0 6.0 12.0 9.0 23.0 32.0 37.0 40.0 45.0 40.0 38.0 25.0 28.0 33.0 27.0 33.0 21.0 28.0 20.0 21.0 11.0 8.0
forecast_lam0
3.68 5.69 4.71 5.4 4.19 2.89 4.67 4.51 5.0 5.89 7.71 6.84 4.85 6.51 6.81 6.84 5.66 4.17 5.24 5.18 4.24 4.15 4.23 3.35
forecast_lam1
13.14 12.26 11.83 10.8 10.98 13.53 25.11 28.0 33.23 36.59 37.37 34.34 33.26 33.13 33.01 29.97 26.75 23.86 25.11 26.6 26.42 21.94 19.69 14.83
history_lam0
1.9 4.1 3.2 2.9 3.4 1.8 3.6 3.1 4.8 5.8 9.9 7.6 5.1 5.3 7.4 7.2 5.9 3.9 5.4 5.6 5.4 3.9 3.2 2.5
history_lam1
5.9 4.7 4.8 4.5 4.3 6.6 17.3 18.3 22.0 24.5 25.3 21.4 20.2 21.1 21.8 19.8 16.9 14.3 15.0 17.7 16.9 13.6 12.1 7.8
mu0
2.55
mu1
3.29
c0
5.0
c1
1.0
p0
10.0
p1
10.0
q0_hat
15
q1_hat
25
q0_initial
0
q1_initial
0
q0_max
38
N_t
5 5 5 5 5 5 5 14 14 14 14 11 11 14 14 14 14 11 11 11 11 11 5 5
q1_max
102
