T
24
lam0
0.0 1.0 2.0 4.0 0.0 0.0 2.0 2.0 3.0 1.0 5.0 2.0 1.0 3.0 2.0 5.0 1.0 2.0 2.0 0.0 1.0 1.0 1.0 1.0
lam1
4.0 1.0 3.0 5.0 4.0 9.0 26.0 13.0 28.0 37.0 22.0 20.0 20.0 27.0 26.0 29.0 19.0 12.0 17.0 11.0 6.0 9.0 12.0 4.0
forecast_lam0
1.44 1.18 0.88 2.87 2.64 1.86 1.57 1.39 3.34 6.16 4.75 4.56 2.29 1.99 3.8 3.0 2.29 1.77 1.73 2.26 2.08 2.48 1.28 0.43
forecast_lam1
3.56 1.56 1.36 1.05 3.19 10.68 33.58 20.79 26.45 30.59 29.0 22.04 15.76 21.43 25.07 19.32 14.61 10.08 13.3 15.84 14.22 9.68 5.9 4.25
history_lam0
2.1 1.9 1.7 3.9 3.4 2.6 2.4 1.8 4.6 8.5 8.8 8.0 4.6 3.8 6.4 5.9 4.0 3.9 3.8 4.2 3.9 4.0 3.0 1.3
history_lam1
6.8 4.5 4.0 3.7 6.1 15.8 41.9 26.0 32.7 36.1 34.6 27.8 20.5 27.4 31.0 24.4 19.2 14.5 17.3 20.7 20.2 15.1 9.9 6.5
mu0
2.55
mu1
3.29
c0
5.0
c1
1.0
p0
10.0
p1
10.0
q0_hat
15
q1_hat
25
q0_initial
0
q1_initial
0
q0_max
30
N_t
4 4 4 4 4 4 4 9 9 9 9 6 6 9 9 9 9 6 6 6 6 6 4 4
q1_max
97
