T
24
lam0
5.0 6.0 3.0 2.0 10.0 2.0 4.0 3.0 3.0 7.0 7.0 11.0 4.0 4.0 7.0 14.0 8.0 1.0 8.0 7.0 6.0 3.0 3.0 3.0
lam1
4.0 7.0 7.0 2.0 6.0 4.0 28.0 34.0 29.0 38.0 44.0 35.0 42.0 30.0 43.0 30.0 25.0 30.0 35.0 28.0 24.0 17.0 12.0 11.0
forecast_lam0
2.32 3.74 3.7 4.29 3.11 3.73 5.09 4.03 5.39 5.64 8.86 7.07 6.26 6.76 7.51 7.03 8.23 5.91 5.26 6.13 6.38 5.25 4.26 3.36
forecast_lam1
12.75 10.18 10.88 10.67 9.55 12.49 20.85 23.18 28.69 30.62 31.3 30.72 27.14 30.87 29.31 29.31 24.93 21.35 21.59 26.0 24.84 21.79 20.49 15.38
history_lam0
1.5 3.5 2.9 3.1 2.4 1.6 3.8 2.8 4.5 5.3 9.3 6.7 4.9 5.4 7.3 6.1 5.9 4.0 4.9 5.0 4.9 3.7 3.1 2.4
history_lam1
6.2 4.1 4.5 4.7 3.8 6.4 15.1 15.7 19.8 21.8 21.6 18.6 16.3 20.2 19.4 17.7 14.7 12.1 12.4 15.6 15.0 12.1 11.5 6.9
mu0
2.55
mu1
3.29
c0
5.0
c1
1.0
p0
10.0
p1
10.0
q0_hat
15
q1_hat
25
q0_initial
0
q1_initial
0
q0_max
37
N_t
5 5 5 5 5 5 5 15 15 15 15 12 12 15 15 15 15 12 12 12 12 12 5 5
q1_max
80
