T
24
lam0
1.0 2.0 4.0 1.0 8.0 2.0 3.0 5.0 9.0 8.0 23.0 12.0 8.0 8.0 15.0 13.0 6.0 6.0 7.0 11.0 6.0 8.0 6.0 4.0
lam1
6.0 6.0 7.0 4.0 4.0 11.0 17.0 22.0 13.0 17.0 19.0 14.0 9.0 19.0 15.0 15.0 27.0 12.0 16.0 25.0 25.0 22.0 8.0 10.0
forecast_lam0
3.05 3.91 2.98 4.19 2.45 3.53 4.97 4.12 6.59 5.8 7.89 9.68 9.25 9.0 10.18 9.84 10.49 7.91 8.05 8.16 8.48 7.64 7.33 6.82
forecast_lam1
8.42 6.89 6.74 8.38 7.28 8.03 17.67 20.02 25.93 26.21 24.79 20.75 18.65 21.06 20.6 18.07 14.72 14.81 13.88 17.37 16.87 12.74 14.8 9.2
history_lam0
1.4 2.9 2.3 3.1 1.6 1.3 3.3 2.5 4.7 4.0 6.8 5.1 4.0 4.4 6.1 4.9 4.7 3.4 4.3 3.9 3.8 2.9 2.6 2.0
history_lam1
4.9 3.2 3.1 4.4 3.4 4.5 12.9 13.7 18.2 20.4 19.5 15.3 13.9 18.1 16.4 14.1 10.3 9.9 10.0 13.2 11.8 8.0 9.8 5.1
mu0
2.55
mu1
3.29
c0
5.0
c1
1.0
p0
10.0
p1
10.0
q0_hat
15
q1_hat
25
q0_initial
0
q1_initial
0
q0_max
49
N_t
4 4 4 4 4 4 4 11 11 11 11 8 8 11 11 11 11 8 8 8 8 8 6 4
q1_max
58
